00000000000000000000000001
1
000000000001
0001
1
00000000001
0001
000000001
01
00000000000001
00001
000000001
00000000000000000000001
1
00000000001
0000000000000000000001
01
0000001
0000000001
0000000000001
1
00000000000000000000000000000000001
0001
1
01
0000000000000000000000001
01
0000000001
00000000000000000000001
1
000000001
00000001
0000000000000000000000001
00000001
00001
00000000000000001
1
00000000000000000001
01
00000001
00001
00000000000000001
000000000000001
1
0000001
00001
000000000001
1
01
0000000000000000000000001
01
0000000001
00000000000000000000001
1
000000001
00000001
0000000000000000000000001
00000001
00001
00000000000000001
1
00000000001
0001
0000000000000001
000000001
0000000000001
000000000000000001
0000000000000000001
000000000000000000000000000000001
0001
0000000000000000000001
1
000000000000000000001
0001
00000000000001
01
001
000001
1
001
000001
01
1
0000001
00000000000000001
01
1
0001
000000000000000000000001
1
001
000001
01
1
00000000001
001
0000001
0000000001
00000000001
0000000000001
000000000000000001
0000000000000000001
000000000000000000000000001
1
001
000001
0001
0000000000000001
00000000001
0000001
00001
000000000001
1
00000000000000000000001
01
0000001
0000000001
1
0000000000000000000000001
0001
00000000000000000000001
0000001
00000000000000001
01
1
0000000000000001
00001
000000000001
01
0000000001
1
001
000001
01
1
0000000000000000000001
00000001
00000000001
000000000001
0001
00000000000001
1
0001
000000000000000000000001
1
001
000001
01
1
00000000000000000000000000001
0001
0001
00001
0000000000001
000000000000000001
0000000000000000001
0000000000000000000000000000000001
01
0000000001
01
1
00000000000000000001
01
00000000000000001
00000001
00001
00001
01
001
000001
1
001
000001
01
1
000000000000000000001
000001
00000001
000000001
000000001
1
00001
00000001
00000000000000001
000001
001
1
001
000001
0000001
001
1
01
00001
000000000000000000001
0001
00000000000001
0000000000000000000000000001
0000001
00000000001
00000000001
01
00000000001
1
0000001
000000001
000000001
000000000000001
1
0000000001
01
0000001
000000000000000000001
000001
00000001
00001
00000000000000001
1
001
000001
01
1
00000000000000001
0000000001
01
0000001
001
1
00000000000000000001
01
00000000000000000000001
0001
00001
000000000001
0000000000001
000000000000000001
0000000000000000001
00000000000000000000000001
00001
001
0001
1
000000000000000000000001
01
0000001
0000000001
000000000000001
1
000000000001
0001
0000000000000001
00000000000000000001
001
000000000000001
1
0000001
00001
000000000001
1
000000001
0001
00001
01
000000001
00000001
00001
01
00000000001
00000000001
0000000000001
0000000000001
0000000000001
000000000000000001
0000000000000000001
000000000000000000000000001
00000000001
1
001
000001
01
1
0000000000000000000000000001
0000001
001
000001
1
00000000001
001
0000000001
01
001
000000000000000000001
000001
01
001
000001
1
00000001
00001
001
0001
1
000000000001
0000001
0000000001
0000000000000000000000000000001
00001
01
00000000001
00000000001
0000000000001
000000000000000001
0000000000000000001
000000000000000000000000000001
01
000000001
000000001
1
001
000001
01
00001
0000000000001
1
000000000000000000000000000000000001
000001
0000001
000000001
000000001
1
0000000000000000000001
01
00000000000000000000000000000001
1
00000000000000000000000000001
00000000000000000000001
1
000000000001
01
0000001
0000000001
1
000000000000000000001
0001
00001
00000000001
0001
0000000001
001
000000000000001
1
01
001
01
0000000001
00001
0000001
000000001
0000000000001
000000000000000001
0000000000000000001
0000000000000000000000000000000000001
0000000000000000000000000001
0001
00001
1
001
000001
01
1
0001
0000000001
000000000001
01
0000000001
1
00000000000000000000000001
1
01
00001
0000000000000000000000001
00000001
00000000001
00000001
0001
00001
0000000000001
000000000000000001
0000000000000000001
00000000000000000000000000001
00000001
00001
01
1
0000000000000000000001
00000001
000000001
000000001
1
00000000000000000001
01
1
0000001
00001
1
0001
0000000001
000000000001
01
0000000001
1
00001
0001
001
1
0001
000000000000000000000001
1
00000000000000001
0001
000000001
000000000001
000000000000001
1
00000000000000000001
0000000000000001
001
1
001
000001
01
1
00000000001
001
0000001
0000000001
00000000001
1
0000001
00001
000000000001
1
00000000000001
0001
0001
00001
1
0001
000000000000000000000001
1
001
000001
01
1
000000000000000000001
000001
00000001
000000001
000000001
1
00001
00000001
00000000000000001
000001
001
0000000000001
000000000000000001
0000000000000000001
00000000000000000000000001
1
0000000000000000000001
0001
0000000000000001
000000001
000000000001
1
0000000000000000000000000000001
01
01
0000000000000000000000000001
1
001
000001
01
00000000000001
1
000000000000000000000001
0000001
0000000001
1
000000000000000000000001
0000000001
0001
00000000000001
1
001
000001
01
1
01
0000001
0000000001
001
000001
1
00000000000000000001
01
00001
01
0000001
001
000001
1
0001
0000000000000001
0000000001
1
000000000000000000000001
01
01
001
0000000000001
000000000000000001
0000000000000000001
000000000000000000000000001
00000000001
1
00000001
001
1
00000001
00000000001
1
00001
0001
0000000000000000000001
000000000000001
1
000000001
00000001
000000000000000000000001
01
000000000000001
1
0000001
00001
000000000001
1
00000000001
0001
0000000000000001
000000001
00000000001
000000000000001
1
0000001
00001
000000000001
1
0001
0000000001
000000000001
01
0000000001
1
0000001
0000000001
01
1
00000000000000000001
0001
0000000000000001
00001
000000000001
1
001
00000001
00000000000000001
000001
001
000000001
00000000000000000000001
1
001
0001
00000000000000001
01
001
000001
01
0000000001
000000000000001
1
00000000000000000001
0000000000000001
001
1
00000000000000000000000001
1
0000000000000000000001
0001
0000000000000001
000000001
000000000001
1
000001
0000001
0000000000000000000000001
01
1
001
000001
01
00000000000001
1
0000001
001
1
0000001
1
00000000000000001
0000000001
01
0000001
001
1
0000000001
01
00000000000001
0001
0000000000000000000000001
01
0000000000001
000000000000000001
0000000000000000001
000000000000000000000000001
00001
000000000001
1
000001
0000001
0000000000000000000000001
01
1
001
000001
01
1
000000000000000000001
01
0000000001
001
0000001
00000001
00001
001
00000001
01
00000000001
1
0001
000000000000000000000001
1
00000000001
00000001
00000000000000001
000001
001
000000000000001
1
01
00000000000001
0001
001
00000001
0001
00001
000000000000001
1
000000000000000000000001
0000001
00000001
001
000001
000000000000001
1
0000001
00001
000000000001
1
001
0001
0000000000000001
000000000000000000001
000001
00000000000000000000000000000000000001
000000000000000000000000000000000000001
000000000000000000000000000000000000000
000000000000000001
0000000000000000001
000000000000000000000000001
000000001
000000001
1
00000000000000000001
01
000000000000000000001
0001
00000000000001
01
1
00000001
00000000000001
0000000000000000000000000001
0001
00000000001
00000000001
00000001
00000000000000000001
00000001
000000001
00000001
001
00000001
01
00000000001
0000000000001
000000000000000001
0000000000000000001
000000000000000000000000000001
000001
00000001
000000000000000000001
000001
1
00000001
00000000001
1
0000000000000000000001
000001
00000000000000000000001
1
00000000000000000000000001
1
0000000000000000000001
0001
0000000000000001
000000001
000000000001
1
0000001
00000000000000000001
0000001
00001
000000000001
0001
00001
1
001
000001
00000001
00000000001
1
00000000001
0001
00000001
000000001
000000000000001
1
0000000000000000000001
00000001
001
000001
1
00000000000001
00000001
00001
01
1
0001
0000000001
000000000001
01
0000000001
0000000000001
000000000000000001
0000000000000000001
000000000000000000000000000001
0001
0000000000000001
000000001
000000000001
00000000001
001
1
001
000001
0001
0000000000000001
1
000000000000000000001
0001
00000000000001
01
1
001
0001
1
00000000000001
01
000000000000001
1
01
0000000000000000000000001
01
00001
1
00001
0001
0000000000000000000001
000000000000001
1
00000000000001
00000000000000000000001
1
0001
00001
01
1
0000001
00001
000000000001
1
0001
00001
000000001
00000000000000000000001
1
000000001
0001
0000000001
000000000001
00000000000000000000000000000001
